SVY=[-1.99107	1.47126
-1.95536	1.58621
-1.91964	1.65517
-1.875	1.72414
-1.84821	1.77011
-1.79464	1.7931
-1.75	1.77011
-1.71429	1.72414
-1.67857	1.65517
-1.63393	1.58621
-1.58929	1.54023
-1.53571	1.47126
-1.48214	1.4023
-1.41964	1.33333
-1.34821	1.28736
-1.30357	1.24138
-1.25893	1.21839
-1.22321	1.17241
-1.16964	1.24138
-1.15179	1.31034
-1.125	1.4023
-1.10714	1.51724
-1.08929	1.6092
-1.08036	1.74713
-1.07143	1.97701
-1.05357	2.09195
-1.02679	2.29885
-1.00893	2.25287
-0.991071	2.16092
-0.973214	2.04598
-0.973214	2.04598
-0.964286	1.54023
-0.955357	1.4023
-0.946429	1.24138
-0.9375	1.08046
-0.928571	0.942529
-0.919643	0.781609
-0.910714	0.643678
-0.901786	0.45977
-0.892857	0.390805
-0.883929	0.321839
-0.875	0.229885
-0.857143	0.206897
-0.821429	0.298851
-0.8125	0.413793
-0.803571	0.505747
-0.785714	0.597701
-0.758929	0.666667
-0.732143	0.712644
-0.696429	0.735632
-0.660714	0.712644
-0.633929	0.643678
-0.607143	0.574713
-0.589286	0.528736
-0.571429	0.45977
-0.544643	0.390805
-0.526786	0.344828
-0.5	0.275862
-0.482143	0.229885
-0.464286	0.183908
-0.446429	0.137931
-0.419643	0.091954
-0.401786	0.0229885
-0.375	0.0689655
-0.330357	0.183908
-0.294643	0.252874
-0.258929	0.298851
-0.232143	0.321839
-0.1875	0.321839
-0.142857	0.321839
-0.116071	0.275862
-0.0892857	0.206897
-0.0714286	0.16092
-0.0535714	0.114943
-0.0357143	0.0689655
0	0
0.0535714	0.091954
0.0892857	0.183908
0.125	0.252874
0.160714	0.298851
0.205357	0.321839
0.25	0.298851
0.294643	0.275862
0.321429	0.206897
0.357143	0.114943
0.383929	0.0689655
0.410714	0.0229885
0.446429	0.114943
0.473214	0.183908
0.508929	0.298851
0.553571	0.413793
0.580357	0.505747
0.616071	0.597701
0.651786	0.666667
0.669643	0.689655
0.696429	0.712644
0.723214	0.712644
0.758929	0.712644
0.776786	0.643678
0.794643	0.551724
0.8125	0.482759
0.821429	0.390805
0.830357	0.321839
0.848214	0.275862
0.866071	0.229885
0.892857	0.275862
0.901786	0.390805
0.919643	0.551724
0.928571	0.666667
0.946429	1.01149
0.955357	1.14943
0.964286	1.33333
0.973214	1.44828
0.982143	1.58621
0.982143	1.58621
1	2.09195
1.00893	2.18391
1.02679	2.32184
1.04464	2.29885
1.05357	2.22989
1.0625	2.13793
1.07143	2
1.08036	1.88506
1.08929	1.77011
1.09821	1.70115
1.11607	1.58621
1.125	1.49425
1.14286	1.4023
1.15179	1.35632
1.17857	1.31034
1.19643	1.24138
1.21429	1.21839
1.24107	1.1954
1.26786	1.1954
1.3125	1.24138
1.35714	1.26437
1.39286	1.33333
1.44643	1.37931
1.48214	1.42529
1.53571	1.44828
1.58036	1.51724
1.61607	1.56322
1.66071	1.6092
1.70536	1.70115
1.75	1.77011
1.79464	1.7931
1.83929	1.7931
1.875	1.74713
1.91071	1.70115
1.9375	1.65517
1.96429	1.58621
1.99107	1.51724];
