SVX= [-2	2.75862
-1.94643	2.8046
-1.91071	2.85057
-1.86607	2.8046
-1.83036	2.73563
-1.78571	2.62069
-1.75	2.52874
-1.72321	2.41379
-1.69643	2.27586
-1.66964	2.13793
-1.63393	1.97701
-1.60714	1.81609
-1.58036	1.63218
-1.55357	1.44828
-1.51786	1.24138
-1.5	1.08046
-1.47321	0.91954
-1.4375	0.758621
-1.40179	0.666667
-1.34821	0.758621
-1.32143	0.91954
-1.28571	1.12644
-1.25	1.4023
-1.21429	1.6092
-1.1875	1.7931
-1.14286	1.95402
-1.11607	2.06897
-1.07143	2.13793
-1.02679	2.16092
-1	2.16092
-0.991071	1.77011
-0.982143	0.62069
-0.982143	0.62069
-0.973214	0.482759
-0.964286	0.850575
-0.946429	1.08046
-0.9375	1.42529
-0.919643	1.63218
-0.901786	1.70115
-0.883929	1.72414
-0.857143	1.65517
-0.830357	1.51724
-0.803571	1.37931
-0.776786	1.33333
-0.767857	1.31034
-0.723214	1.33333
-0.669643	1.4023
-0.651786	1.44828
-0.607143	1.47126
-0.5625	1.49425
-0.5	1.51724
-0.464286	1.56322
-0.410714	1.63218
-0.330357	1.83908
-0.258929	2.02299
-0.205357	2.13793
-0.160714	2.22989
-0.125	2.29885
-0.0892857	2.34483
-0.0535714	2.36782
0	2.3908
0.0535714	2.3908
0.0892857	2.34483
0.133929	2.29885
0.169643	2.22989
0.205357	2.13793
0.25	2.06897
0.276786	1.97701
0.3125	1.88506
0.357143	1.7931
0.401786	1.67816
0.446429	1.58621
0.491071	1.54023
0.544643	1.51724
0.589286	1.49425
0.616071	1.44828
0.651786	1.44828
0.696429	1.37931
0.732143	1.31034
0.758929	1.31034
0.794643	1.33333
0.830357	1.44828
0.848214	1.56322
0.875	1.67816
0.901786	1.72414
0.919643	1.67816
0.9375	1.51724
0.946429	1.37931
0.955357	1.21839
0.964286	1.03448
0.973214	0.758621
0.982143	0.597701
0.991071	0.482759
1	0.735632
1	0.735632
1.00893	1.56322
1.00893	1.56322
1.05357	2.13793
1.125	2.09195
1.15179	1.97701
1.17857	1.86207
1.20536	1.72414
1.23214	1.58621
1.25893	1.42529
1.28571	1.24138
1.30357	1.10345
1.32143	0.988506
1.33929	0.850575
1.36607	0.735632
1.38393	0.689655
1.40179	0.666667
1.42857	0.666667
1.45536	0.758621
1.48214	0.942529
1.52679	1.17241
1.55357	1.33333
1.58036	1.54023
1.60714	1.74713
1.63393	1.93103
1.66964	2.11494
1.71429	2.32184
1.74107	2.48276
1.77679	2.5977
1.82143	2.71264
1.875	2.78161
1.89286	2.82759
1.92857	2.85057
1.97321	2.8046
2.00893	2.75862];
