PY = [-1.99111	2.77658
-1.92	2.70682
-1.88444	2.61312
-1.84	2.44894
-1.79556	2.30829
-1.76	2.144
-1.73333	1.95608
-1.70667	1.79169
-1.68	1.60376
-1.65333	1.43937
-1.62667	1.27498
-1.59111	1.13422
-1.55556	0.946405
-1.53778	0.852497
-1.51111	0.829281
-1.45778	0.900497
-1.42222	1.08915
-1.39556	1.23064
-1.36889	1.39566
-1.34222	1.58421
-1.31556	1.74923
-1.28	1.93788
-1.25333	2.07937
-1.21778	2.2445
-1.13778	2.50426
-1.10222	2.5988
-1.05778	2.59932
-1.00444	2.57642
-0.986667	2.45898
-0.977778	2.10614
-0.968889	1.40037
-0.942222	1.0948
-0.933333	0.953725
-0.906667	0.90698
-0.888889	1.0719
-0.862222	1.35456
-0.826667	1.75498
-0.764444	2.08512
-0.693333	2.25067
-0.595556	2.32241
-0.506667	2.32345
-0.408889	2.25401
-0.293333	2.16125
-0.24	2.11482
-0.115556	2.02217
0.00888889	2.02363
0.133333	2.04863
0.195556	2.09642
0.275556	2.16795
0.382222	2.26332
0.453333	2.28769
0.542222	2.33579
0.666667	2.33725
0.72	2.24376
0.782222	2.03273
0.808889	1.9154
0.835556	1.77454
0.853333	1.58651
0.871111	1.35142
0.888889	1.23399
0.906667	1.02243
0.942222	0.881673
0.96	1.18776
0.968889	1.44669
0.977778	1.77621
0.986667	2.12925
0.995556	2.52936
1.02222	2.62379
1.10222	2.6012
1.15556	2.50771
1.2	2.39059
1.24444	2.20288
1.28	2.06212
1.30667	1.8742
1.33333	1.7098
1.36	1.54541
1.38667	1.38102
1.41333	1.21663
1.44889	1.07587
1.47556	0.911477
1.52	0.888471
1.54667	0.912314
1.59111	1.07754
1.61778	1.24256
1.65333	1.40769
1.68	1.59624
1.70667	1.76125
1.73333	1.9498
1.76	2.06776
1.79556	2.25642
1.82222	2.39791
1.86667	2.58667
1.90222	2.70473
1.95556	2.82301];
