PX = [-1.99111	1.27069
-1.89333	1.34243
-1.78667	1.29663
-1.70667	1.17992
-1.62667	1.06322
-1.52889	0.92319
-1.46667	0.806275
-1.36	0.689882
-1.29778	0.620026
-1.24444	0.550065
-1.17333	0.503843
-1.11111	0.481046
-1.03111	0.505516
-0.995556	0.552993
-0.986667	0.670745
-0.951111	0.765281
-0.915556	0.859817
-0.862222	0.907503
-0.844444	0.931242
-0.8	0.884706
-0.737778	0.79132
-0.684444	0.744889
-0.657778	0.698144
-0.586667	0.69898
-0.471111	0.723869
-0.382222	0.748444
-0.328889	0.725542
-0.284444	0.679007
-0.24	0.608941
-0.186667	0.515451
-0.133333	0.374902
-0.0711111	0.234458
-0.0444444	0.0935948
0.00888889	0.000104575
0.0622222	0.141908
0.106667	0.307137
0.151111	0.425307
0.213333	0.567216
0.266667	0.638431
0.328889	0.709752
0.382222	0.733908
0.453333	0.758275
0.542222	0.735791
0.622222	0.689673
0.693333	0.761098
0.746667	0.832314
0.808889	0.927163
0.862222	0.927791
0.915556	0.904889
0.942222	0.834614
0.986667	0.71749
1.00444	0.576523
1.06667	0.530196
1.13778	0.531033
1.22667	0.579137
1.30667	0.650667
1.38667	0.745725
1.48444	0.864523
1.56444	0.983111
1.65333	1.14886
1.71556	1.24371
1.78667	1.33867
1.86667	1.38667
1.94667	1.38761
1.96444	1.34076];

